Number of Customers
10
Number of Robot stations
1
Number of Trucks
1
Number of Robots per station
1
Truck Capacity [kg]
600
Number of no-fly zones:
2
Nodes in no-fly zones:
11 3 
Drone speed [m/s]
8.33
Drone battery [J]
600000
Maximum robot driving time [s]
3600
Pacel weight [node] [kg]
0	0
1	0.19436
2	3.28507
3	3.38855
4	3.47857
5	2.17682
6	1.31756
7	0.117945
8	3.1116
9	4.80545
10	2.37197
11	0
Node	latitud	longitud	t-start [s]	t-stop[s]	address
Depot
0	52.3405	4.84348	0	28800		Pilotenstraat 26, Amsterdam						
Customers
1	52.3699	4.93011	5067	15867		Blankenstraat 274, 1018SJ Amsterdam						
2	52.3698	4.9138	8111	18911		Hoogte Kadijk 48, 1018BM Amsterdam						
3	52.372	4.91794	3048	13848		Kattenburgerstraat 104, 1018JE Amsterdam						
4	52.3724	4.92312	9151	19951		Kleine Wittenburgerstraat 331, 1018LT Amsterdam						
5	52.3719	4.90268	17743	28543		Korte Koningsstraat 4B, 1011GA Amsterdam						
6	52.3664	4.90328	11343	22143		Nieuwe Herengracht 35B, 1011RM Amsterdam						
7	52.3647	4.9074	5178	15978		Nieuwe Kerkstraat 115, 1018VJ Amsterdam						
8	52.3719	4.9277	10497	21297		Oostenburgermiddenstraat 548, 1018LL Amsterdam						
9	52.3704	4.92426	4874	15674		Oostenburgervoorstraat 79B, 1018MP Amsterdam						
10	52.3789	4.89523	15307	26107		Prins Hendrikkade 7, 1012TK Amsterdam						
Robot station
11	52.3738	4.89578	0	28800		Amsterdam Centrum						
Truck driving time matrix [s]
0 1367 1193 1172 1327 1198 1222 982 1376 1363 1009 1375 
1335 0 272 230 251 442 453 433 174 345 455 623 
1366 471 0 148 248 310 292 348 479 284 456 492 
1225 371 94 0 149 264 275 330 379 186 339 446 
1400 448 219 177 0 389 400 456 456 223 517 572 
1307 659 308 298 398 0 301 356 668 434 394 427 
1272 638 237 277 377 234 0 204 647 413 549 583 
1236 612 250 289 390 360 271 0 621 426 577 613 
1446 215 384 295 362 554 564 545 0 457 519 686 
1334 376 432 378 443 634 556 442 384 0 601 759 
1132 636 478 384 534 456 625 680 645 570 0 582 
1523 908 540 580 680 357 404 529 916 716 728 0 
Drone flying time matrix [s]
0 44 92 72 51 187 180 153 48 22 126 24 
44 0 133 103 66 225 223 198 34 48 163 28 
92 133 0 45 83 95 97 86 117 86 37 105 
72 103 45 0 42 124 141 130 80 56 63 76 
51 66 83 42 0 167 180 164 38 28 105 41 
187 225 95 124 167 0 73 103 204 177 62 197 
180 223 97 141 180 73 0 41 212 179 89 198 
153 198 86 130 164 103 41 0 192 157 95 174 
48 34 117 80 38 204 212 192 0 35 142 24 
22 48 86 56 28 177 179 157 35 0 115 20 
126 163 37 63 105 62 89 95 142 115 0 136 
24 28 105 76 41 197 198 174 24 20 136 0 
Robot driving time matrix [s]
0 4641 4081 4282 4559 3749 3536 3556 4748 4577 3944 3600 
4641 0 837 733 613 1365 1432 1210 336 415 1835 1718 
4081 837 0 326 557 630 632 558 746 575 1105 984 
4282 733 326 0 299 741 832 878 629 458 1209 1095 
4559 613 557 299 0 1027 1118 1003 509 338 1498 1380 
3749 1350 630 741 1027 0 542 703 1253 1081 668 376 
3536 1432 632 832 1118 542 0 284 1343 1172 1135 809 
3556 1210 558 878 1003 703 284 0 1192 1021 1295 970 
4770 336 779 629 509 1285 1376 1224 0 247 1756 1638 
4609 415 607 458 338 1113 1204 1053 247 0 1584 1467 
3944 1821 1105 1209 1498 668 1135 1295 1723 1552 0 481 
3600 1704 984 1095 1380 376 809 970 1606 1435 481 0 
Truck driving distance matrix [km]
0 12.58 10.98 11.99 12.92 10.96 7.72 10.26 12.43 13.08 9.86 11.47 
8.8 0 1.73 1.62 1.51 2.66 2.72 2.47 0.71 1.92 4.06 3.88 
8.89 2.79 0 0.82 1.3 1.55 1.42 1.57 2.63 1.45 2.97 2.24 
12.98 2.54 0.58 0 0.94 1.52 1.58 1.73 2.38 1.09 3.03 2.21 
9.26 2.85 1.2 1.09 0 2.13 2.19 2.34 2.69 1.05 4.12 2.83 
12.46 3.69 1.14 1.25 1.73 0 1.39 1.54 3.53 1.89 2.52 1.6 
7.91 3.99 1.22 1.55 2.04 1.06 0 0.81 3.83 2.19 3.22 2.31 
7.74 3.57 1.26 1.6 2.08 1.71 1.29 0 3.41 2.23 3.66 2.94 
9.35 1.04 2.27 2.35 2.06 3.21 3.26 3.01 0 2.46 4.33 4.14 
8.79 2.39 1.93 3.15 2.25 3 3.05 2.45 2.23 0 5.13 4.95 
9.92 4.77 3.89 3.31 4.25 2.46 3.37 3.52 4.61 4.4 0 2.79 
9.36 5.41 2.47 2.81 3.29 1.33 1.71 2.19 5.26 3.45 3.92 0 
Drone flying distance matrix [km]
0 0.37 0.77 0.6 0.42 1.56 1.5 1.28 0.4 0.19 1.05 0.2 
0.37 0 1.11 0.86 0.55 1.88 1.86 1.65 0.28 0.4 1.36 0.23 
0.77 1.11 0 0.37 0.69 0.79 0.81 0.72 0.97 0.71 0.31 0.88 
0.6 0.86 0.37 0 0.35 1.04 1.18 1.09 0.66 0.47 0.53 0.63 
0.42 0.55 0.69 0.35 0 1.39 1.5 1.37 0.31 0.24 0.88 0.34 
1.56 1.88 0.79 1.04 1.39 0 0.61 0.86 1.7 1.47 0.51 1.64 
1.5 1.86 0.81 1.18 1.5 0.61 0 0.34 1.77 1.49 0.74 1.65 
1.28 1.65 0.72 1.09 1.37 0.86 0.34 0 1.6 1.31 0.79 1.45 
0.4 0.28 0.97 0.66 0.31 1.7 1.77 1.6 0 0.29 1.19 0.2 
0.19 0.4 0.71 0.47 0.24 1.47 1.49 1.31 0.29 0 0.96 0.17 
1.05 1.36 0.31 0.53 0.88 0.51 0.74 0.79 1.19 0.96 0 1.13 
0.2 0.23 0.88 0.63 0.34 1.64 1.65 1.45 0.2 0.17 1.13 0 
Robot driving distance matrix [km]
0 7.74 6.8 7.14 7.6 6.25 5.89 5.93 7.91 7.63 6.57 6 
7.74 0 1.39 1.22 1.02 2.27 2.39 2.02 0.56 0.69 3.06 2.86 
6.8 1.39 0 0.54 0.93 1.05 1.05 0.93 1.24 0.96 1.84 1.64 
7.14 1.22 0.54 0 0.5 1.24 1.39 1.46 1.05 0.76 2.01 1.83 
7.6 1.02 0.93 0.5 0 1.71 1.86 1.67 0.85 0.56 2.5 2.3 
6.25 2.25 1.05 1.24 1.71 0 0.9 1.17 2.09 1.8 1.11 0.63 
5.89 2.39 1.05 1.39 1.86 0.9 0 0.47 2.24 1.95 1.89 1.35 
5.93 2.02 0.93 1.46 1.67 1.17 0.47 0 1.99 1.7 2.16 1.62 
7.95 0.56 1.3 1.05 0.85 2.14 2.29 2.04 0 0.41 2.93 2.73 
7.68 0.69 1.01 0.76 0.56 1.86 2.01 1.75 0.41 0 2.64 2.44 
6.57 3.04 1.84 2.01 2.5 1.11 1.89 2.16 2.87 2.59 0 0.8 
6 2.84 1.64 1.83 2.3 0.63 1.35 1.62 2.68 2.39 0.8 0 
