Number of Customers
15
Number of Robot stations
1
Number of Trucks
1
Number of Robots per station
1
Truck Capacity [kg]
600
Number of no-fly zones:
3
Nodes in no-fly zones:
11 16 10 
Drone speed [m/s]
8.33
Drone battery [J]
600000
Maximum robot driving time [s]
3600
Pacel weight [node] [kg]
0	0
1	2.99137
2	1.17056
3	2.26729
4	4.94168
5	2.87189
6	0.530976
7	2.82508
8	0.813907
9	3.02741
10	2.41833
11	4.88859
12	0.589746
13	1.27748
14	2.80998
15	0.764409
16	0
Node	latitud	longitud	t-start [s]	t-stop[s]	address
Depot
0	52.3405	4.84348	0	28800		Pilotenstraat 26, Amsterdam						
Customers
1	52.3687	4.92502	4693	15493		Admiraliteitstraat 90, 1018KP Amsterdam						
2	52.3649	4.90047	1511	12311		Amstel 220, 1017AJ Amsterdam						
3	52.3699	4.93011	10262	21062		Blankenstraat 274, 1018SJ Amsterdam						
4	52.3698	4.9138	6528	17328		Hoogte Kadijk 48, 1018BM Amsterdam						
5	52.372	4.91794	6767	17567		Kattenburgerstraat 104, 1018JE Amsterdam						
6	52.3724	4.92312	4160	14960		Kleine Wittenburgerstraat 331, 1018LT Amsterdam						
7	52.3719	4.90268	4984	15784		Korte Koningsstraat 4B, 1011GA Amsterdam						
8	52.3664	4.90328	16500	27300		Nieuwe Herengracht 35B, 1011RM Amsterdam						
9	52.3647	4.9074	6007	16807		Nieuwe Kerkstraat 115, 1018VJ Amsterdam						
10	52.3719	4.9277	10280	21080		Oostenburgermiddenstraat 548, 1018LL Amsterdam						
11	52.3704	4.92426	7206	18006		Oostenburgervoorstraat 79B, 1018MP Amsterdam						
12	52.3729	4.89801	13795	24595		Oudezijds Achterburgwal 90E, 1012DR Amsterdam						
13	52.3756	4.89931	3114	13914		Oudezijds Armsteeg 12, 1012GP Amsterdam						
14	52.3789	4.89523	13342	24142		Prins Hendrikkade 7, 1012TK Amsterdam						
15	52.3777	4.89216	4777	15577		Singel 62, 1015AB Amsterdam						
Robot station
16	52.3738	4.89578	0	28800		Amsterdam Centrum						
Truck driving time matrix [s]
0 0 0 1367 1193 1172 1327 1198 1222 982 1376 1363 1380 1242 1009 1114 1375 
1346 591 0 388 444 390 455 646 568 454 396 91 777 650 613 737 771 
1146 0 88 807 616 656 727 624 536 407 816 792 894 755 650 640 965 
1335 0 0 0 272 230 251 442 453 433 174 345 615 479 455 579 623 
1366 0 0 471 0 148 248 310 292 348 479 284 483 347 456 581 492 
1225 0 0 371 94 0 149 264 275 330 379 186 437 301 339 463 446 
1400 0 0 448 219 177 0 389 400 456 456 223 562 426 517 641 572 
1307 0 0 659 308 298 398 0 301 356 668 434 345 209 394 518 427 
1272 0 0 638 237 277 377 234 0 204 647 413 501 364 549 673 583 
1236 0 0 612 250 289 390 360 271 0 621 426 604 468 577 701 613 
1446 0 0 215 384 295 362 554 564 545 0 457 692 555 519 643 686 
1334 0 0 376 432 378 443 634 556 442 384 0 765 638 601 725 759 
1461 0 0 810 409 449 549 174 343 398 819 585 0 106 567 691 325 
1624 0 0 1008 607 646 747 424 471 596 1016 783 316 0 795 919 218 
1132 0 0 636 478 384 534 456 625 680 645 570 587 451 0 127 582 
1054 0 0 619 461 367 516 438 608 663 627 553 570 434 138 0 565 
1523 0 0 908 540 580 680 357 404 529 916 716 249 238 728 852 0 
Drone flying time matrix [s]
0 206 207 44 92 72 51 187 180 153 48 22 227 228 126 215 24 
206 0 44 250 127 171 210 94 30 57 241 207 108 142 119 75 225 
207 44 0 251 142 186 221 134 61 56 247 212 152 185 145 32 228 
44 250 251 0 133 103 66 225 223 198 34 48 265 262 163 258 28 
92 127 142 133 0 45 83 95 97 86 117 86 135 141 37 161 105 
72 171 186 103 45 0 42 124 141 130 80 56 163 159 63 204 76 
51 210 221 66 83 42 0 167 180 164 38 28 205 199 105 235 41 
187 94 134 225 95 124 167 0 73 103 204 177 40 57 62 164 197 
180 30 61 223 97 141 180 73 0 41 212 179 97 127 89 91 198 
153 57 56 198 86 130 164 103 41 0 192 157 134 160 95 76 174 
48 241 247 34 117 80 38 204 212 192 0 35 242 236 142 258 24 
22 207 212 48 86 56 28 177 179 157 35 0 216 215 115 223 20 
227 108 152 265 135 163 205 40 97 134 242 216 0 37 101 183 237 
228 142 185 262 141 159 199 57 127 160 236 215 37 0 104 216 235 
126 119 145 163 37 63 105 62 89 95 142 115 101 104 0 170 136 
215 75 32 258 161 204 235 164 91 76 258 223 183 216 170 0 237 
24 225 228 28 105 76 41 197 198 174 24 20 237 235 136 237 0 
Robot driving time matrix [s]
0 0 0 4641 4081 4282 4559 3749 3536 3556 4748 4577 3603 3809 3944 3776 3600 
4513 1314 0 265 624 475 355 1130 1221 1070 298 157 1407 1374 1601 1760 1484 
3367 0 222 1571 780 981 1266 611 235 361 1492 1320 733 892 1200 1260 875 
4641 0 0 0 837 733 613 1365 1432 1210 336 415 1641 1609 1835 1994 1718 
4081 0 0 837 0 326 557 630 632 558 746 575 906 874 1105 1260 984 
4282 0 0 733 326 0 299 741 832 878 629 458 1018 985 1209 1371 1095 
4559 0 0 613 557 299 0 1027 1118 1003 509 338 1303 1271 1498 1656 1380 
3749 0 0 1350 630 741 1027 0 542 703 1253 1081 287 359 668 745 376 
3536 0 0 1432 632 832 1118 542 0 284 1343 1172 668 826 1135 1212 809 
3556 0 0 1210 558 878 1003 703 284 0 1192 1021 828 987 1295 1372 970 
4770 0 0 336 779 629 509 1285 1376 1224 0 247 1561 1529 1756 1914 1638 
4609 0 0 415 607 458 338 1113 1204 1053 247 0 1390 1357 1584 1743 1467 
3603 0 0 1627 906 1018 1303 287 668 828 1529 1357 0 258 582 644 202 
3809 0 0 1594 874 985 1271 359 826 987 1497 1325 258 0 354 477 210 
3944 0 0 1821 1105 1209 1498 668 1135 1295 1723 1552 582 354 0 191 481 
3776 0 0 1980 1260 1371 1656 745 1212 1372 1882 1711 644 477 191 0 484 
3600 0 0 1704 984 1095 1380 376 809 970 1606 1435 202 210 481 484 0 
Truck driving distance matrix [km]
0 0 0 12.58 10.98 11.99 12.92 10.96 7.72 10.26 12.43 13.08 11.53 11.08 9.86 8.49 11.47 
8.82 3.48 0 2.42 1.96 3.18 2.28 3.03 3.08 2.48 2.26 0.33 5.04 4.59 5.16 5.4 4.98 
7.07 0 0.37 5.03 3.43 3.77 4.33 3.41 2.98 2.26 4.88 4.41 4.35 3.9 2.91 2.49 4.65 
8.8 0 0 0 1.73 1.62 1.51 2.66 2.72 2.47 0.71 1.92 3.18 2.72 4.06 4.3 3.88 
8.89 0 0 2.79 0 0.82 1.3 1.55 1.42 1.57 2.63 1.45 2.06 1.61 2.97 3.21 2.24 
12.98 0 0 2.54 0.58 0 0.94 1.52 1.58 1.73 2.38 1.09 2.04 1.58 3.03 3.28 2.21 
9.26 0 0 2.85 1.2 1.09 0 2.13 2.19 2.34 2.69 1.05 2.65 2.19 4.12 4.37 2.83 
12.46 0 0 3.69 1.14 1.25 1.73 0 1.39 1.54 3.53 1.89 1.3 0.85 2.52 2.76 1.6 
7.91 0 0 3.99 1.22 1.55 2.04 1.06 0 0.81 3.83 2.19 2.01 1.55 3.22 3.47 2.31 
7.74 0 0 3.57 1.26 1.6 2.08 1.71 1.29 0 3.41 2.23 2.76 2.3 3.66 3.91 2.94 
9.35 0 0 1.04 2.27 2.35 2.06 3.21 3.26 3.01 0 2.46 4.21 3.75 4.33 4.57 4.14 
8.79 0 0 2.39 1.93 3.15 2.25 3 3.05 2.45 2.23 0 5.01 4.56 5.13 5.38 4.95 
8.74 0 0 4.69 1.92 2.26 2.74 0.58 1.49 1.64 4.53 2.89 0 0.37 3.1 3.34 1.12 
9.96 0 0 5.44 2.67 3 3.48 1.52 1.91 2.39 5.28 3.64 1.09 0 4.11 4.35 0.75 
9.92 0 0 4.77 3.89 3.31 4.25 2.46 3.37 3.52 4.61 4.4 2.85 2.4 0 0.42 2.79 
9.53 0 0 4.94 4.06 3.48 4.41 2.63 3.54 3.69 4.78 4.57 3.02 2.57 0.74 0 2.96 
9.36 0 0 5.41 2.47 2.81 3.29 1.33 1.71 2.19 5.26 3.45 0.89 0.79 3.92 4.16 0 
Drone flying distance matrix [km]
0 1.72 1.73 0.37 0.77 0.6 0.42 1.56 1.5 1.28 0.4 0.19 1.89 1.9 1.05 1.79 0.2 
1.72 0 0.36 2.09 1.06 1.42 1.75 0.79 0.25 0.47 2.01 1.72 0.9 1.19 0.99 0.63 1.88 
1.73 0.36 0 2.09 1.18 1.55 1.84 1.11 0.51 0.47 2.06 1.77 1.26 1.54 1.21 0.26 1.9 
0.37 2.09 2.09 0 1.11 0.86 0.55 1.88 1.86 1.65 0.28 0.4 2.2 2.18 1.36 2.15 0.23 
0.77 1.06 1.18 1.11 0 0.37 0.69 0.79 0.81 0.72 0.97 0.71 1.13 1.17 0.31 1.34 0.88 
0.6 1.42 1.55 0.86 0.37 0 0.35 1.04 1.18 1.09 0.66 0.47 1.36 1.33 0.53 1.7 0.63 
0.42 1.75 1.84 0.55 0.69 0.35 0 1.39 1.5 1.37 0.31 0.24 1.71 1.66 0.88 1.95 0.34 
1.56 0.79 1.11 1.88 0.79 1.04 1.39 0 0.61 0.86 1.7 1.47 0.34 0.47 0.51 1.37 1.64 
1.5 0.25 0.51 1.86 0.81 1.18 1.5 0.61 0 0.34 1.77 1.49 0.81 1.06 0.74 0.76 1.65 
1.28 0.47 0.47 1.65 0.72 1.09 1.37 0.86 0.34 0 1.6 1.31 1.11 1.33 0.79 0.63 1.45 
0.4 2.01 2.06 0.28 0.97 0.66 0.31 1.7 1.77 1.6 0 0.29 2.02 1.97 1.19 2.15 0.2 
0.19 1.72 1.77 0.4 0.71 0.47 0.24 1.47 1.49 1.31 0.29 0 1.8 1.79 0.96 1.86 0.17 
1.89 0.9 1.26 2.2 1.13 1.36 1.71 0.34 0.81 1.11 2.02 1.8 0 0.31 0.84 1.53 1.97 
1.9 1.19 1.54 2.18 1.17 1.33 1.66 0.47 1.06 1.33 1.97 1.79 0.31 0 0.87 1.8 1.96 
1.05 0.99 1.21 1.36 0.31 0.53 0.88 0.51 0.74 0.79 1.19 0.96 0.84 0.87 0 1.41 1.13 
1.79 0.63 0.26 2.15 1.34 1.7 1.95 1.37 0.76 0.63 2.15 1.86 1.53 1.8 1.41 0 1.98 
0.2 1.88 1.9 0.23 0.88 0.63 0.34 1.64 1.65 1.45 0.2 0.17 1.97 1.96 1.13 1.98 0 
Robot driving distance matrix [km]
0 0 0 7.74 6.8 7.14 7.6 6.25 5.89 5.93 7.91 7.63 6 6.35 6.57 6.29 6 
7.52 2.19 0 0.44 1.04 0.79 0.59 1.88 2.04 1.78 0.5 0.26 2.34 2.29 2.67 2.93 2.47 
5.61 0 0.37 2.62 1.3 1.63 2.11 1.02 0.39 0.6 2.49 2.2 1.22 1.49 2 2.1 1.46 
7.74 0 0 0 1.39 1.22 1.02 2.27 2.39 2.02 0.56 0.69 2.74 2.68 3.06 3.32 2.86 
6.8 0 0 1.39 0 0.54 0.93 1.05 1.05 0.93 1.24 0.96 1.51 1.46 1.84 2.1 1.64 
7.14 0 0 1.22 0.54 0 0.5 1.24 1.39 1.46 1.05 0.76 1.7 1.64 2.01 2.28 1.83 
7.6 0 0 1.02 0.93 0.5 0 1.71 1.86 1.67 0.85 0.56 2.17 2.12 2.5 2.76 2.3 
6.25 0 0 2.25 1.05 1.24 1.71 0 0.9 1.17 2.09 1.8 0.48 0.6 1.11 1.24 0.63 
5.89 0 0 2.39 1.05 1.39 1.86 0.9 0 0.47 2.24 1.95 1.11 1.38 1.89 2.02 1.35 
5.93 0 0 2.02 0.93 1.46 1.67 1.17 0.47 0 1.99 1.7 1.38 1.64 2.16 2.29 1.62 
7.95 0 0 0.56 1.3 1.05 0.85 2.14 2.29 2.04 0 0.41 2.6 2.55 2.93 3.19 2.73 
7.68 0 0 0.69 1.01 0.76 0.56 1.86 2.01 1.75 0.41 0 2.32 2.26 2.64 2.9 2.44 
6 0 0 2.71 1.51 1.7 2.17 0.48 1.11 1.38 2.55 2.26 0 0.43 0.97 1.07 0.34 
6.35 0 0 2.66 1.46 1.64 2.12 0.6 1.38 1.64 2.49 2.21 0.43 0 0.59 0.8 0.35 
6.57 0 0 3.04 1.84 2.01 2.5 1.11 1.89 2.16 2.87 2.59 0.97 0.59 0 0.32 0.8 
6.29 0 0 3.3 2.1 2.28 2.76 1.24 2.02 2.29 3.14 2.85 1.07 0.8 0.32 0 0.81 
6 0 0 2.84 1.64 1.83 2.3 0.63 1.35 1.62 2.68 2.39 0.34 0.35 0.8 0.81 0 
