Number of Customers
10
Number of Robot stations
1
Number of Trucks
1
Number of Robots per station
1
Truck Capacity [kg]
600
Number of no-fly zones:
2
Nodes in no-fly zones:
7 5 
Drone speed [m/s]
8.33
Drone battery [J]
600000
Maximum robot driving time [s]
3600
Pacel weight [node] [kg]
0	0
1	2.06452
2	4.32662
3	2.02264
4	0.854732
5	0.248045
6	3.89848
7	1.8091
8	4.58263
9	3.62288
10	1.13796
11	0
Node	latitud	longitud	t-start [s]	t-stop[s]	address
Depot
0	52.3405	4.84348	0	28800		Pilotenstraat 26, Amsterdam						
Customers
1	52.3692	4.91319	14580	25380		Binnenkadijk 213, 1018ZE Amsterdam						
2	52.3699	4.93021	8151	18951		Blankenstraat 290, 1018SJ Amsterdam						
3	52.3726	4.92218	16654	27454		Jacob Burggraafstraat 17, 1018WA Amsterdam						
4	52.3746	4.92207	6789	17589		Marinierskade 1, 1018HX Amsterdam						
5	52.3706	4.92422	12576	23376		Nieuwe Oostenburgerdwarsstraat 7B, 1018MA Amsterdam						
6	52.3696	4.91675	6265	17065		Nieuwevaart 154, 1018ZM Amsterdam						
7	52.3691	4.92149	2167	12967		Oostenburgergracht 25, 1018NA Amsterdam						
8	52.3731	4.88351	8202	19002		Prinsengracht 311D, 1016GX Amsterdam						
9	52.3761	4.89888	9925	20725		Warmoesstraat 16M, 1012JD Amsterdam						
10	52.373	4.92561	5135	15935		Windroosplein 122, 1018ZW Amsterdam						
Robot station
11	52.3738	4.89578	0	28800		Amsterdam Centrum						
Truck driving time matrix [s]
0 1197 1370 1329 1154 1359 1251 1190 896 1302 1373 1375 
1383 0 474 213 173 243 137 152 642 368 288 454 
1332 293 0 251 213 340 337 132 677 535 326 621 
1386 229 436 0 227 205 272 115 726 471 101 558 
1197 170 345 205 0 235 214 145 536 408 280 480 
1337 378 382 450 364 0 502 330 818 700 525 763 
1335 262 443 327 367 415 0 207 868 611 402 698 
1276 161 322 119 159 91 205 0 659 404 194 490 
954 702 845 737 568 772 745 677 0 711 818 789 
1566 685 952 769 739 792 719 729 1033 0 823 160 
1430 273 480 88 271 249 316 159 770 515 0 602 
1523 546 910 683 643 713 607 622 952 297 758 0 
Drone flying time matrix [s]
0 155 285 216 214 236 180 219 130 266 259 243 
155 0 139 86 102 92 29 68 31 136 115 113 
285 139 0 74 91 50 110 72 156 49 27 55 
216 86 74 0 27 31 59 47 92 52 47 28 
214 102 91 27 0 56 79 74 100 54 66 36 
236 92 50 31 56 0 62 30 107 51 24 33 
180 29 110 59 79 62 0 39 50 108 86 85 
219 68 72 47 74 30 39 0 89 81 51 62 
130 31 156 92 100 107 50 89 0 144 131 121 
266 136 49 52 54 51 108 81 144 0 38 23 
259 115 27 47 66 24 86 51 131 38 0 33 
243 113 55 28 36 33 85 62 121 23 33 0 
Robot driving time matrix [s]
0 4037 4647 4528 4551 4585 4193 4399 3244 3795 4674 3600 
4037 0 891 601 666 631 210 446 1504 909 720 1005 
4647 891 0 615 807 429 710 467 2270 1623 734 1724 
4528 601 615 0 198 342 398 364 1888 1237 205 1341 
4551 666 807 198 0 535 591 557 1910 1125 232 1320 
4617 664 429 342 535 0 461 427 2021 1374 461 1475 
4193 210 695 398 591 429 0 243 1603 960 517 1056 
4399 446 453 364 557 186 243 0 1803 1156 483 1257 
3244 1504 2256 1888 1910 1989 1603 1803 0 813 2078 617 
3795 909 1609 1237 1125 1342 960 1156 813 0 1357 195 
4674 720 734 205 232 461 517 483 2078 1357 0 1532 
3600 1005 1710 1341 1320 1443 1056 1257 617 195 1532 0 
Truck driving distance matrix [km]
0 11 12.59 12.92 11.69 13.06 11.26 11.24 7.61 11.25 14.41 11.47 
8.54 0 3.13 1.15 1.12 1.3 0.62 0.96 3.81 1.64 1.41 2.1 
8.8 1.82 0 1.5 1.78 1.9 1.99 0.87 5.03 2.89 1.76 3.87 
9.17 1.21 2.78 0 1.45 0.95 1.38 0.61 5.02 2.28 0.34 2.74 
12.69 1.13 2.25 1.38 0 1.52 1.3 1.18 3.72 2.34 1.64 2.56 
8.81 1.61 2.41 2.26 2.87 0 2.22 1.63 6.13 4.74 2.52 4.96 
8.73 1.08 2.64 1.74 2.3 2.14 0 1.11 5.87 3.13 2 3.59 
8.57 0.95 2.17 0.63 1.19 0.35 1.12 0 4.76 2.02 0.89 2.48 
6.44 4.97 5.76 5.22 3.99 5.37 5.14 5.02 0 3.55 5.48 3.77 
9.79 3.1 5.86 3.89 3.86 4.03 3.35 3.69 5.46 0 4.15 0.58 
9.37 1.41 2.98 0.34 1.65 1.15 1.58 0.81 5.22 2.48 0 2.94 
9.36 2.49 5.42 3.29 3.26 3.43 2.75 3.09 4.9 0.96 3.55 0 
Drone flying distance matrix [km]
0 1.29 2.38 1.8 1.79 1.96 1.5 1.82 1.08 2.21 2.16 2.03 
1.29 0 1.16 0.71 0.85 0.76 0.25 0.56 0.25 1.13 0.96 0.94 
2.38 1.16 0 0.62 0.76 0.41 0.91 0.6 1.3 0.41 0.23 0.46 
1.8 0.71 0.62 0 0.22 0.26 0.49 0.39 0.77 0.43 0.39 0.24 
1.79 0.85 0.76 0.22 0 0.46 0.66 0.61 0.84 0.45 0.55 0.3 
1.96 0.76 0.41 0.26 0.46 0 0.52 0.25 0.89 0.42 0.2 0.28 
1.5 0.25 0.91 0.49 0.66 0.52 0 0.33 0.42 0.9 0.72 0.71 
1.82 0.56 0.6 0.39 0.61 0.25 0.33 0 0.74 0.68 0.43 0.52 
1.08 0.25 1.3 0.77 0.84 0.89 0.42 0.74 0 1.2 1.09 1 
2.21 1.13 0.41 0.43 0.45 0.42 0.9 0.68 1.2 0 0.31 0.2 
2.16 0.96 0.23 0.39 0.55 0.2 0.72 0.43 1.09 0.31 0 0.27 
2.03 0.94 0.46 0.24 0.3 0.28 0.71 0.52 1 0.2 0.27 0 
Robot driving distance matrix [km]
0 6.73 7.75 7.55 7.58 7.64 6.99 7.33 5.41 6.32 7.79 6 
6.73 0 1.48 1 1.11 1.05 0.35 0.74 2.51 1.52 1.2 1.68 
7.75 1.48 0 1.02 1.35 0.71 1.18 0.78 3.78 2.71 1.22 2.87 
7.55 1 1.02 0 0.33 0.57 0.66 0.61 3.15 2.06 0.34 2.24 
7.58 1.11 1.35 0.33 0 0.89 0.98 0.93 3.18 1.87 0.39 2.2 
7.7 1.11 0.71 0.57 0.89 0 0.77 0.71 3.37 2.29 0.77 2.46 
6.99 0.35 1.16 0.66 0.98 0.71 0 0.4 2.67 1.6 0.86 1.76 
7.33 0.74 0.75 0.61 0.93 0.31 0.4 0 3.01 1.93 0.81 2.1 
5.41 2.51 3.76 3.15 3.18 3.32 2.67 3.01 0 1.35 3.46 1.03 
6.32 1.52 2.68 2.06 1.87 2.24 1.6 1.93 1.35 0 2.26 0.33 
7.79 1.2 1.22 0.34 0.39 0.77 0.86 0.81 3.46 2.26 0 2.55 
6 1.68 2.85 2.24 2.2 2.4 1.76 2.1 1.03 0.33 2.55 0 
