Number of Customers
10
Number of Robot stations
1
Number of Trucks
1
Number of Robots per station
1
Truck Capacity [kg]
600
Number of no-fly zones:
2
Nodes in no-fly zones:
4 7 
Drone speed [m/s]
8.33
Drone battery [J]
600000
Maximum robot driving time [s]
3600
Pacel weight [node] [kg]
0	0
1	1.61664
2	4.6085
3	0.372015
4	0.594531
5	0.346443
6	0.700705
7	0.653001
8	0.666909
9	4.51325
10	2.65984
11	0
Node	latitud	longitud	t-start [s]	t-stop[s]	address
Depot
0	52.3405	4.84348	0	28800		Pilotenstraat 26, Amsterdam						
Customers
1	52.3595	4.88994	4560	15360		Eerste Weteringplantsoen 42, 1017SK Amsterdam						
2	52.368	4.88607	2679	13479		Herengracht 384E, 1016CJ Amsterdam						
3	52.3675	4.89162	17569	28369		Kalverstraat 220A, 1012XJ Amsterdam						
4	52.3624	4.88616	2840	13640		Korte Leidsedwarsstraat 203, 1017RB Amsterdam						
5	52.3668	4.87851	9151	19951		Nieuwe Passeerdersstraat 144, 1016XP Amsterdam						
6	52.3613	4.89395	10993	21793		Noorderdwarsstraat 11, 1017TX Amsterdam						
7	52.3672	4.88107	14713	25513		Passeerdersgracht 20A, 1016XH Amsterdam						
8	52.3605	4.90575	4106	14906		Sarphatistraat 16, 1018GK Amsterdam						
9	52.3761	4.89888	12393	23193		Warmoesstraat 16R, 1012JD Amsterdam						
10	52.3617	4.88874	6762	17562		Weteringstraat 20, 1017SN Amsterdam						
Robot station
11	52.3738	4.89578	0	28800		Amsterdam Centrum						
Truck driving time matrix [s]
0 814 913 1004 775 736 901 853 1018 1302 794 1375 
921 0 281 222 180 376 124 382 215 765 200 916 
977 481 0 385 454 252 393 259 592 715 473 787 
1101 415 125 0 388 348 328 354 495 840 408 912 
957 161 421 383 0 407 285 414 377 927 173 1078 
810 298 176 418 258 0 345 116 513 882 278 949 
1062 266 340 281 239 435 0 441 288 840 259 991 
879 375 218 460 336 78 387 0 591 828 356 906 
1060 315 441 382 375 571 244 577 0 683 395 832 
1566 887 1002 950 943 1105 849 1111 694 0 963 160 
906 111 311 265 84 297 182 303 326 876 0 1027 
1523 846 960 909 902 1062 808 1069 579 297 922 0 
Drone flying time matrix [s]
0 197 111 92 172 169 168 149 107 116 195 172 
197 0 118 107 49 135 40 126 95 91 44 31 
111 118 0 46 75 64 110 42 38 90 139 87 
92 107 46 0 81 107 85 86 16 48 114 81 
172 49 75 81 0 86 65 77 65 89 85 23 
169 135 64 107 86 0 146 21 95 145 170 108 
168 40 110 85 65 146 0 132 77 55 30 43 
149 126 42 86 77 21 132 0 75 125 158 97 
107 95 38 16 65 95 77 75 0 52 107 67 
116 91 90 48 89 145 55 125 52 0 80 76 
195 44 139 114 85 170 30 158 107 80 0 63 
172 31 87 81 23 108 43 97 67 76 63 0 
Robot driving time matrix [s]
0 2759 3067 3197 2691 2723 2992 2858 3420 3795 2711 3600 
2759 0 724 640 260 697 268 725 661 1279 173 1084 
3067 724 0 366 554 439 685 354 1150 853 568 658 
3197 640 366 0 673 755 572 668 919 750 597 555 
2691 260 554 673 0 477 422 466 920 1283 141 1087 
2723 697 439 755 477 0 851 135 1357 1243 607 1048 
2992 268 685 572 422 851 0 765 600 1211 290 1015 
2858 725 354 668 466 135 765 0 1319 1119 575 924 
3420 661 1150 919 920 1357 600 1319 0 1285 833 1234 
3795 1279 853 750 1283 1243 1211 1119 1285 0 1236 195 
2711 173 568 597 141 607 290 575 833 1236 0 1041 
3600 1084 658 555 1087 1048 1015 924 1234 195 1041 0 
Truck driving distance matrix [km]
0 5.18 6.44 6.03 4.93 5.68 5.55 6.18 6.41 11.25 4.97 11.47 
5.8 0 1.26 1.04 0.8 1.56 0.55 1.55 1.24 3.91 0.84 4.49 
6.57 2 0 1.52 1.76 1.09 1.5 1.07 2.58 3.67 1.8 3.89 
7.04 1.69 0.46 0 1.45 1.41 1.19 1.39 2.2 4.13 1.49 4.35 
5.78 0.75 1.49 1.79 0 1.56 1.3 1.54 1.99 4.66 0.62 5.24 
5.94 1.45 0.76 1.71 1.2 0 1.49 0.5 2.68 4.67 1.24 4.89 
6.23 1.2 1.41 1.2 0.96 1.72 0 1.71 1.34 4.01 1 4.59 
6.31 1.84 0.97 1.93 1.59 0.39 1.7 0 3.07 4.07 1.63 4.29 
6.74 1.62 2.1 1.88 1.8 2.56 1.23 2.55 0 3.39 1.84 3.97 
9.79 4.76 5.24 5.02 4.94 5.7 4.37 5.68 3.14 0 4.98 0.58 
5.55 0.51 1.08 1.15 0.27 1.14 0.74 1.12 1.75 4.42 0 5 
9.36 4.33 4.81 4.59 4.51 5.27 3.94 5.25 2.64 0.96 4.55 0 
Drone flying distance matrix [km]
0 1.64 0.93 0.76 1.43 1.41 1.4 1.24 0.89 0.96 1.63 1.43 
1.64 0 0.98 0.89 0.41 1.13 0.34 1.05 0.79 0.76 0.37 0.26 
0.93 0.98 0 0.38 0.63 0.53 0.92 0.35 0.32 0.75 1.16 0.73 
0.76 0.89 0.38 0 0.68 0.89 0.71 0.72 0.14 0.4 0.95 0.67 
1.43 0.41 0.63 0.68 0 0.72 0.54 0.64 0.55 0.74 0.71 0.19 
1.41 1.13 0.53 0.89 0.72 0 1.22 0.18 0.79 1.21 1.42 0.9 
1.4 0.34 0.92 0.71 0.54 1.22 0 1.1 0.64 0.46 0.25 0.36 
1.24 1.05 0.35 0.72 0.64 0.18 1.1 0 0.62 1.05 1.31 0.81 
0.89 0.79 0.32 0.14 0.55 0.79 0.64 0.62 0 0.43 0.89 0.56 
0.96 0.76 0.75 0.4 0.74 1.21 0.46 1.05 0.43 0 0.66 0.63 
1.63 0.37 1.16 0.95 0.71 1.42 0.25 1.31 0.89 0.66 0 0.52 
1.43 0.26 0.73 0.67 0.19 0.9 0.36 0.81 0.56 0.63 0.52 0 
Robot driving distance matrix [km]
0 4.6 5.11 5.33 4.48 4.54 4.99 4.76 5.7 6.32 4.52 6 
4.6 0 1.21 1.07 0.43 1.16 0.45 1.21 1.1 2.13 0.29 1.81 
5.11 1.21 0 0.61 0.92 0.73 1.14 0.59 1.92 1.42 0.95 1.1 
5.33 1.07 0.61 0 1.12 1.26 0.95 1.11 1.53 1.25 1 0.92 
4.48 0.43 0.92 1.12 0 0.79 0.7 0.78 1.53 2.14 0.23 1.81 
4.54 1.16 0.73 1.26 0.79 0 1.42 0.22 2.26 2.07 1.01 1.75 
4.99 0.45 1.14 0.95 0.7 1.42 0 1.28 1 2.02 0.48 1.69 
4.76 1.21 0.59 1.11 0.78 0.22 1.28 0 2.2 1.87 0.96 1.54 
5.7 1.1 1.92 1.53 1.53 2.26 1 2.2 0 2.14 1.39 2.06 
6.32 2.13 1.42 1.25 2.14 2.07 2.02 1.87 2.14 0 2.06 0.33 
4.52 0.29 0.95 1 0.23 1.01 0.48 0.96 1.39 2.06 0 1.73 
6 1.81 1.1 0.92 1.81 1.75 1.69 1.54 2.06 0.33 1.73 0 
